24996422
351324
901694719
802155277
1089260
1852905184
795502293
198281220
450781
450306
38812627
308727621
20900
865332531
1806284315
2526600
2576496676
1077486856
1823660665
796144373
837041590
608306
3467985
796353361
1825987
26078107
570831307
570831307
865332531
44676765
178641965
796339444
793967633
6548926
717225
4239456
6292752
1044964
943653864
2286767883
2299200019
47425550
1073292129
263780977
866892047
905774951
2247582746
1297741
856818878
2299202474
194744076
6130
919051952
911559
796016603
351550507
766780807
194132931
57470461
2506038266
51373
2562343937
14466241
679741
40092344
992418
195539658
858130065
2534079552
11962589
654466
713733
1747456337
796394234
800981948
787185859
48081758
926527
871803
796522711
2489089109
803042911
656616
2260815972
2555838503
757979
364376263
16381152
843176
654251
2269160746
987683
1998114692
903521094
476676854
1153298195
639068
1111683
2506038266
349931010
57758806
796515406
806876787
892887
836817
793896840
589506
1031781
27852244
1998114692
2591105888
793868175
116570652
2495190473
57054451
2544717508
796544910
2288025442
836090737
369810
6835949
1153298195
3195826
117060702
38892096
655656
1920943763
6053492
55199402
62694059
2562777381
116907871
7978751
590280
139470523
806781854
437645346
27285143
197968634
793846160
17303769
2562345136
2729774
1004156934
1920943763
1026923
620352757
2086546536
872713506
142561026
108263
917316
10102570
793951253
2251463291
796515391
4943513
5982717
915298
1949005582
2564907811
804355547
800413893
2489089109
33404258
476661574
69626883
9292590
476661574
429046189
2562777381
1016820786
52000567
2562343937
1076492015
6053492
2569165767
802546244
1328087
11972365
891474195
143988469
656915
12774353
1012477, Q20600045, ** title mismatch **
341621936
1209545086
5391396
678965
2070420393
1076459010
961708358
766920789
640289
1361674
793403855
131800076
971273513
873397
866257070
314107366, The Innovator's Dilemma, ** title mismatch **
6395037
796513611
882297
1208733978
848336277
863879053
1010261
353455391
891814390
796319015
2081359083
2565023317
619240
13674468
570734
505426232
801134091
1892972921
9378548
1148768
2515245247
2251463291
2562345136
1082417417
801287900
954511
192156673
581735961
612743
1083085685
341658186
793278022
365415934
2591027276
1030326
793867876
2452673417
185650
2516932739
2513770378
305099430
2583800527
2534079552
678618
838980415
187689613
709038
2708379
943653864
40009944
707228
2753490
1028197
119929750
115388018
984734
56307473
807839777
897170
2555838503
2513772670
228609753
766780807
50134933
23156249
837035206
408535
792900251
984416
612804
2544717508
837082424
351869
14470851
11646584
323242987
2567511833
864049527
2018516
755859
591321
793212676
2544717507
294263502
2210126247
839090216
2513770378
319416679
56170254
2452673417
796532845
58243171
838634183
7084981
796481167
26197871
796520605
2562922561
654251
341237913
1297741
111668095
793327202
329243
836727787
2516932739
796453648
47356347
20861566
68823572
506006834
366793414
796310577
131592001
896973
1075477908
2081359083
2247582746
291362067
51473409
871835924
2299202474
1077434904
866257092
317127902
657336
45503
896252184
825818189
47449
475704548
797239096, Queen Bees and Wannabes, ** title mismatch **
180788302
990723
792612404
1353410515
1060331
1007475
815015557
795548070
56590235
986521
2018516
6682311
1008110
2031542267
341307
28888797
950234601
2515242627
2484299146
114443185
796038499
366399866
766642412
1328087
364639881
6692482
1075477908
2515242627
341658186
2288797216
13260283
549784
2515245247
349621817
2544717507
2569165767
792580664
941891
799882241
133700321
119478111
2564799263
58294240
2478599530
2501664948
2262660459
2580879942
2296973144
2495226278
2521953411
2559574787
1007993070
2252068941
2506030162
2211867866
1898112572
502827117
2520845866
1916862581
997225
62978269
2078720539
2570986333
2267518327
1873191136
2526229228
2576817216
1914819957
1468848
2562429881
2537650067
2239666345
2077216052
2301802379
2210282880
1044426574
2483186835
2295511555
2538815307
1896628105
2218014541
1916314099
2219526918
2069324968
2515268277
2219526129
1044431681
1007251693
2525727273
2411311688
13263570
2251805187
2467708086
2546959120
2225274656
1102946166
1823432029
1747456337
408526
1382311950
172789
45043776
46888962
1813689595
2487540278
2487540278
4667261
1901165995
2296182088
2493616837
2521905301
2251419803
2494660853
2565724973
2499433928
2268366969
2200555513
2518236814
53892575
2298116494
2221009059
2267390734
2516204507
2085799107
2038812060
2582541026
1745776115
2553352168
2081997950
2451777960
2291510075
795419373
2546199630
796388177
2546215248
1894792202
1907788462
2242687368
2262032760
2251679724
2088716298
2521957207
2269822806
2206863544
2473193890
2274914139
2520137538
312301882
2514864134
905891039
2484648460
50856201
793901868
1781770711
2224580565
13803914
1124231055
2269160159
866526622
2473195739
2296183501
1908413450
2031589743
2228302875
889332056
28014086
792459115
2291436381
2061198769
1002648
2057142355
2300705644
1821479240
2482314938
2523860093
2547033179
2257343455
1080490175
2218644236
2480367013
2058707515
31033112
2477599612
2245684981
2301010394
2502631262
800183105
1144455304
2549381413
1164465782
2580879942
2521901786
1878010193
2572512194
2072027066
2518018520
2276637539
2427271745
1433071471
2058721686
2500784166
2033622402
2493738351
17734243
2234563687
2038840364
797586
485730
428537
2300562327
839371004
2410006829
2277789389
2479257743
2579025276
2302760533
2285468656
14484019
2295913570
2266648852
47418918
2575850845
2078295236
2266038113
53403030
1919170977
40240999
1028076563
2532782723
2217087615
2258974817
2218012726
2233191527
20322964
2483806358
2535918196
836953890
2569658711
2537780838
2474765950
2536853100
20607220
50660
2503663962
2585075970
2298099941
2476677485
2166866195
2054542225
2466476107
2553352616
2248228714
796789278
2567629031
2549377594
2507776121
2476307136
2560213717
2213709557
1870046783
2521946882
2247612291
2053025475
2521936694
2483003393
2498689922
2465070681
2541454800
117653416
582502
2478592866
866202391
800573212
2236150240
2542486248
800392648
2547790199
2564762095
2478592866
2579058274
1086161
39083520
2298096015
2570467078
1080595466
2219526643
2572932375
525349, And Tango Makes Three, ** title mismatch **
2583127113
2521089443
2247075206
2493816656
2522733384
860260059
2567703440
2091611209
2031015727
2538836293
2302215659
2579042329
2493822679
646628
1898515307
1887870225
2411313715
2411405535
2499935427
2288174495
2276641186
582502
2506053306
2283830278
2296971188
2506670367
2086512817
2497076135
2474581194
23583507
2244506466
2543506587
2051024755
2506860899
1917776526
2548194190
2077275156
2079597655
2503599653
2494558285
2244420294
2191258822
2459636589
2038149963
2497483004
889989484
2031015313
2221008678
2531899368
2251383400
2420942451
2283003372
2063597105
2489485204
2265468477
2054543257
2480409100
2534383321
2525404013
2239573645
2542923617
2261608538
694095675
1873377952
2474580524
2211640654
2276641782
2226684908
2495002395
866251726
2473164092
2523860093
2427430869
2497483004
2495226278
2526758631
2031617552
2578617979
2293932464
2218599787
2233637441
2482351992
2056426023
2262076444
2544820839
2474737628
2553232907
2297280405
2290501072
2283830278
2481861125
2451346369
2261765427
2409982269
2473179372
2551026390
2552384351
2548214646
2299198956
2255561770
2483039160
290988264
2507239322
2517311785
1855336375
2506818282
2467648397
2276642141
2467648633
2244505667
2459704190
21204184
158059723
2031015492
2474500707
1781976775
2209176203
2505538172
2048709191
2544227461
2262076446
195032240, Unseen Academicals, ** title mismatch **
2474637962
2493765284
36997199
2224581004
2473223251
2411729128
2569029853
2409980264
2058706557
2547110310
2073451854
2411762323
2507242035
345084
2549501313
2487087992
2235408731
2505555491
2082587982
2538836293
2026406933
2494219772
2477600063
2284298696
2506055292
2292073471
898021160
19799908
2474614497
2258731759
2473620590
2474765950
2473339052
2481858123
2252475223
2471814118
2478821137
2548590646
2501974382
2548192824
2258876314
2258891622
2473224293
2475108060
2479353667
2474637962
2478599530
2503665510
1852687923
2293658416
2265575077
2536334317
2499935427
376853
2567577936
2302800268
26566702
2247759702
2030492474
2284298696
2078336362
30497388
51280
20361500
2295545639
792614490
2556320930
116908545
2477599505
364120735
2214693021
2213709371
2219525485
2292073471
1870262989
2517501024
2549207107
970262
2085799509
2158941836
888015
288260138
2534383321
2202784954
2210123432
2287131181
46658
796280930
1080467041
2221010118
2233524527
2500935415
1417357262
2240511074
2235409074
2520621727
112911690
803515281
1019823
2517559793
1920940224
795484499
2549416335
2058719962
2295863411
2255946966
1386169
2480374676
784455058
2529856929
2267390716
2255950741
793923803
2481111100
902611
812544555
2080704528
2494660853
2255896068
26578654
2533105894
2532736391
25182494
2577253997
793901646
363935869
1901988378
2525024216
2553359076
2026367125
2031015313
2301629388
1367505508
1364602376
2543747503
180308951
2240510539
2082439102
2478557940
315012093
2579536277
1415930927
2582455610
2059633549
2285945912
2501994254
2218583220
356142048
2420222509
1882365039
2251383400
1852906687
2496312391
2278838218
2236166612
2505543185
2167514880
478554535
1873380685
2522030067
14759060
467618
2224559891
2541023199
2526312972
2503507909
803256453
2550217581
37299748
7467892
2064859626
2219526643
2525612227
2499819297
2506022533
2576817216
2255949543
2487748178
2503230422
2251385815
2531302030
2042148193
905361456
2570386593
2246899762
477049982
2295321252
2257214805
2026422091
2271829768
1018642
2063539437
20665568
2208471374
2069352935
2056441514
2459735787
2261387187
2294514613
2547093671
2451278257
2548556421
2450571537
2217267731
196103213
45090
2409982269
2233595954
2292593695
2245683711
2548588564
2288797216
2072765258
2086512803
2268594161
2219526970
2478747076
1868253624
2026422312
520153378
47956193
33643919
2219615044
2294564409
2054594280
131277917
844644
2293660778
2549410571
2188280331
2473747401
2295511555
1792078922
2078340043
2211171882
2213866580
1775080926
2298698381
2302760682
29222991
6580385
2554755330
1927827006
2290015263
2536703018
2258657761
2522733384
908577582
2581290227
1890788923
351651084
2212219826
2286462602
2580790865
2219526333
2468901491
2034206515
