[0874511992,9780874511994]|http://id.loc.gov/ontologies/bibframe/relatedTo|0874511984
[1878677624,9781878677624,9780314903341,0314903348]|http://id.loc.gov/ontologies/bibframe/continues|0966514912
[0379101750,9780379101751]|http://id.loc.gov/ontologies/bibframe/continues|0379008211
[0735511918,9780735511910,0735540241,9780735540248,9781454850113,1454850116,1543807690,9781543807691]|http://id.loc.gov/ontologies/bibframe/otherEdition|9780735588745
[1570737657,9781570737657,9781604429084,1604429089,9781641052023,1641052023,9781641052016,1641052015]|http://id.loc.gov/ontologies/bibframe/otherEdition|9781634251242
[0735512159,9780735512153,0735512167,9780735512160,9781454825128,145482512X,9781454887782,1454887788]|http://id.loc.gov/ontologies/bibframe/otherEdition|9780735579712
[0443056129,9780443056123,0443056188,9780443056185,9780702047473,0702047473,9780702054884,0702047465,9780702047466,0702054887]|http://id.loc.gov/ontologies/bibframe/otherEdition|044306850X
[0316956201,9780316956208,0735516480,9780735516489]|http://id.loc.gov/ontologies/bibframe/continues|1567069401
[0316285560,9780316285568,1890080047,9781890080044]|http://id.loc.gov/ontologies/bibframe/otherEdition|9781890080280
[037916552X,9780379165524]|http://id.loc.gov/ontologies/bibframe/continuesInPart|0379165503
[1558347143,9781558347144,9780769867076,0769867073,9780769882260,0769882269,9781522174875,1522174877]|http://id.loc.gov/ontologies/bibframe/otherEdition|9781422421406
[1558347143,9781558347144,9780769867076,0769867073,9780769882260,0769882269,9781522174875,1522174877]|http://id.loc.gov/ontologies/bibframe/otherEdition|9780769867076.
[1567063764,9781567063769]|http://id.loc.gov/ontologies/bibframe/relatedTo|0135953154
[1566626005,9781566626002,9780314275035,0314275037]|http://id.loc.gov/ontologies/bibframe/supplementTo|0735544522
[5897370028,9785897370023,9785853025097,5853025090,9785988620884,5988620884,9785991800648,5991800642]|http://id.loc.gov/ontologies/bibframe/relatedTo|9785988624684
[0198280734,9780198280736,0198275668,9780198275664]|http://id.loc.gov/ontologies/bibframe/otherEdition|9780199685295
[0314226613,9780314226617,9780314281944,0314281940,9781634596237,1634596234,9781684673285,1684673283]|http://id.loc.gov/ontologies/bibframe/otherEdition|9780314190284
[0735503397,9780735503397,9781454843047,1454843047,9781454843054,1454843055,9781454843061,1454843063]|http://id.loc.gov/ontologies/bibframe/precededBy|0735561915
[0735503397,9780735503397,9781454843047,1454843047,9781454843054,1454843055,9781454843061,1454843063]|http://id.loc.gov/ontologies/bibframe/precededBy|0735561915
[0314143653,9780314143655,9780314288943,0314288945,9781640202139,1640202137]|http://id.loc.gov/ontologies/bibframe/otherEdition|9780314911629
[9781402404092,1402404093]|http://id.loc.gov/ontologies/bibframe/continues|0872241009
[9781402404092,1402404093]|http://id.loc.gov/ontologies/bibframe/succeededBy|9781402427299
[0300101430,9780300101430,0300102976,9780300102970]|http://id.loc.gov/ontologies/bibframe/relatedTo|0300101449
[1888569611,9781888569612,1888569670,9781888569674,9781934874318,1934874310]|http://id.loc.gov/ontologies/bibframe/relatedTo|0913235709
[1587787555,9781587787553,1566628709,9781566628709,1684673631,9781684673636]|http://id.loc.gov/ontologies/bibframe/otherEdition|9781599414416
[1594601135,9781594601132,1594601542,9781594601545,9781611639650,1611639654,9781531005177]|http://id.loc.gov/ontologies/bibframe/otherEdition|9781594605451
[0379215411,9780379215410,9780198822493,0198822499]|http://id.loc.gov/ontologies/bibframe/otherEdition|9780195371864
[1570185395,9781570185397,9781570189739,1570189730]|http://id.loc.gov/ontologies/bibframe/otherEdition|9781617467554
[0406947023,9780406947024,9781849464024,1849464022]|http://id.loc.gov/ontologies/bibframe/otherEdition|9781841139326
[0812236823,9780812236828,9780812248159,0812248155,9780812292794]|http://id.loc.gov/ontologies/bibframe/otherEdition|9780812240849
[0814719120,9780814719121,0814719139,9780814719138,0367315734,9780367315733]|http://id.loc.gov/ontologies/bibframe/otherEdition|9780813312477
[0198509154,9780198509158,9780199668632,0199668639,9780191508400,0191508403,9780191749322,019174932X,9780198795834,0198795831]|http://id.loc.gov/ontologies/bibframe/otherEdition|0195054059
[0198298625,9780198298625,0199243123,9780199243129,019925897X,9780199258970,0199258988,9780199258987,9783406648540,3406648541,9781849469951,1849469954,9783848722631,3848722631]|http://id.loc.gov/ontologies/bibframe/otherEdition|9783406578410
[1570182736,9781570182730,9781617466755,1617466751]|http://id.loc.gov/ontologies/bibframe/otherEdition|1570182736,9781682673829
[1570182736,9781570182730,9781617466755,1617466751]|http://id.loc.gov/ontologies/bibframe/otherEdition|1570182736,9781682673829
[0300101406,9780300101409,0300102283,9780300102284]|http://id.loc.gov/ontologies/bibframe/relatedTo|0300101449
[0735519684,9780735519688,073553974X,9780735539747,9781454817673,1454817674]|http://id.loc.gov/ontologies/bibframe/otherEdition|9780735588530
[0198765282,9780198765288,0198765274,9780198765271,9780198808411,0198808410,9780198808428,0198808429]|http://id.loc.gov/ontologies/bibframe/otherEdition|9780199239146
[0820543209,9780820543208,9781422422649,142242264X,9781422473580,1422473589]|http://id.loc.gov/ontologies/bibframe/otherEdition|9781531011772
[0421690208,9780421690202,0421753307,9780421753303,9780414026728,0414026721]|http://id.loc.gov/ontologies/bibframe/otherEdition|9780421907904
[0314118136,9780314118134,0314118144,9780314118141,0314118152,9780314118158,0314118160,9780314118165,0314118179,9780314118172,0314118276,9780314118271,9780314613875,0314613870,9780314613882,0314613889,9780314613899,0314613897,9780314613905,0314613900,9780314613912,0314613919,9780314613929,0314613927]|http://id.loc.gov/ontologies/bibframe/otherEdition|9781731920454
[0314152172,9780314152176,9780314285010,0314285016,9781683283706,1683283708]|http://id.loc.gov/ontologies/bibframe/otherEdition|9780314183613
[0314150293,9780314150295,0314150315,9780314150318,9780314278623,0314278621,9780314278609,0314278605,9781683280354,1683280350,9781634608152,1634608151,9781634608183,1634608186,9781683289715,1683289714]|http://id.loc.gov/ontologies/bibframe/otherEdition|9780314184900
[0314150293,9780314150295,0314150315,9780314150318,9780314278623,0314278621,9780314278609,0314278605,9781683280354,1683280350,9781634608152,1634608151,9781634608183,1634608186,9781683289715,1683289714]|http://id.loc.gov/ontologies/bibframe/otherEdition|9780314184900
[1566627311,9781566627313,9781609300456,1609300459,9781628101997,1628101997]|http://id.loc.gov/ontologies/bibframe/otherEdition|9781609300456.
[0876324782,9780876324783]|http://id.loc.gov/ontologies/bibframe/precededBy|0876321007
[0314256512,9780314256515,9780314262905,0314262903,9781640201897,1640201890]|http://id.loc.gov/ontologies/bibframe/otherEdition|9781628104295
[0314256512,9780314256515,9780314262905,0314262903,9781640201897,1640201890]|http://id.loc.gov/ontologies/bibframe/otherEdition|9781628104295
[0314247602,9780314247605]|http://id.loc.gov/ontologies/bibframe/otherEdition|9780314932204
[0300101449,9780300101447]|http://id.loc.gov/ontologies/bibframe/relatedTo|0300101414
[0300101449,9780300101447]|http://id.loc.gov/ontologies/bibframe/relatedTo|0300101406
[0300101449,9780300101447]|http://id.loc.gov/ontologies/bibframe/relatedTo|0300101430
[0735546657,9780735546653]|http://id.loc.gov/ontologies/bibframe/continues|0471046728
[0735527008,9780735527003,9781454825074,1454825073,9781454874911,1454874910,9781543819755,1543819753,9781543831023,1543831028]|http://id.loc.gov/ontologies/bibframe/otherEdition|9780735569317
[9041119825,9789041119827]|http://id.loc.gov/ontologies/bibframe/otherEdition|0792308530
[9781402406829,1402406827]|http://id.loc.gov/ontologies/bibframe/precededBy|0872241173
[9781402406829,1402406827]|http://id.loc.gov/ontologies/bibframe/succeededBy|9781402429842
[1844675424,9781844675425]|http://id.loc.gov/ontologies/bibframe/otherEdition|1859845886
[9781422473283,1422473287]|http://id.loc.gov/ontologies/bibframe/continues|0327007443
[9781573702904,1573702900]|http://id.loc.gov/ontologies/bibframe/otherEdition|1573703761,9781573703765
[9780231146371,023114637X]|http://id.loc.gov/ontologies/bibframe/relatedTo|9780231146364
[9780521138031,0521138035,9781108413022,1108413021,9781108351928]|http://id.loc.gov/ontologies/bibframe/otherEdition|9781107432420
[9780735597655,0735597650,9781543816655,1543816657]|http://id.loc.gov/ontologies/bibframe/precededBy|0735513767,9781543816655
[9780735597655,0735597650,9781543816655,1543816657]|http://id.loc.gov/ontologies/bibframe/succeededBy|0735513767,9781543816655
[9780314932204,0314932208,9780314616715,0314616713]|http://id.loc.gov/ontologies/bibframe/otherEdition|0314247602,9780314616715
[9780314932204,0314932208,9780314616715,0314616713]|http://id.loc.gov/ontologies/bibframe/otherEdition|0314247602,9780314616715
[9781603846738,1603846735,9781603846745,1603846743]|http://id.loc.gov/ontologies/bibframe/otherEdition|0872200477
[9781599414294,1599414295,9781634608190,1634608194]|http://id.loc.gov/ontologies/bibframe/otherEdition|1587785943
[9788946036987,8946036982,9788946071759,8946071753]|http://id.loc.gov/ontologies/bibframe/otherEdition|8946025557
[9780735561984,0735561982,9781454867982,1454867981]|http://id.loc.gov/ontologies/bibframe/continuedBy|9780735561984,9780471135425,9781454867982,9781543816426
[9780735561984,0735561982,9781454867982,1454867981]|http://id.loc.gov/ontologies/bibframe/continues|9780735561984,9780471135425,9781454867982,9781543816426
[9780735561984,0735561982,9781454867982,1454867981]|http://id.loc.gov/ontologies/bibframe/precededBy|9780735561984,9780471135425,9781454867982,9781543816426
[9780735561984,0735561982,9781454867982,1454867981]|http://id.loc.gov/ontologies/bibframe/succeededBy|9780735561984,9780471135425,9781454867982,9781543816426
[9781402409585,1402409583,9781402420665,1402420668]|http://id.loc.gov/ontologies/bibframe/continues|9781402402272
[9780099511762,0099511762,9780226203454,022620345X,9780226203591,022620359X,9780571320769,0571320767,9780571320776,9781107015661,1107015669,9781107652217,1107652219,110733652X,9781107336520]|http://id.loc.gov/ontologies/bibframe/relatedTo|9780226308791
[9781422418161,1422418162,9781632816047,1632816040]|http://id.loc.gov/ontologies/bibframe/otherEdition|9781558344945,9781632816047
[9781422418161,1422418162,9781632816047,1632816040]|http://id.loc.gov/ontologies/bibframe/otherEdition|9781558344945,9781632816047
[0314256504,9780314256508,9780314279996,0314279997]|http://id.loc.gov/ontologies/bibframe/otherEdition|9781683285311
[0844409898,9780844409894,0660177714,9780660177717,0660179490,9780660179490]|http://id.loc.gov/ontologies/bibframe/mergerOf|0844408107
[0735563101,9780735563100,9781454858393,1454858397,9781543817416,1543817416]|http://id.loc.gov/ontologies/bibframe/otherEdition|0735523320,9781454858393
[0735563101,9780735563100,9781454858393,1454858397,9781543817416,1543817416]|http://id.loc.gov/ontologies/bibframe/otherEdition|0735523320,9781454858393
[9781422446218,1422446212,9781422482056,1422482057,9781632840394,1632840391]|http://id.loc.gov/ontologies/bibframe/continuedBy|0966934717,9781422482056
[9781422446218,1422446212,9781422482056,1422482057,9781632840394,1632840391]|http://id.loc.gov/ontologies/bibframe/continues|0966934717,9781422482056
[0844409987,9780844409986]|http://id.loc.gov/ontologies/bibframe/continues|0844407798
[9781599413419,1599413418]|http://id.loc.gov/ontologies/bibframe/otherEdition|9781634597647
[031419424X,9780314194244,0314275312,9780314275318,9781628105551,1628105550]|http://id.loc.gov/ontologies/bibframe/otherEdition|9781640209053
[9781402411342,1402411340,9781402424267,1402424264]|http://id.loc.gov/ontologies/bibframe/continues|0872240541
[756202393X,9787562023937,9780141442327,0141442328,9780141392202,0141392207,9780300186109,030018610X,9781784787608,1784787604,9781784787615,9781784787592,9781107128491,1107128498,9781107568730,1107568730]|http://id.loc.gov/ontologies/bibframe/relatedTo|0300084285
[9789278405250,9278405256]|http://id.loc.gov/ontologies/bibframe/relatedTo|9282878031
[9781933833583,1933833580]|http://id.loc.gov/ontologies/bibframe/continues|1929446721
[0521767504,9780521767507,9780521151955,0521151953,9781108616157,1108616151,9781108727365,1108727360,9781108573290]|http://id.loc.gov/ontologies/bibframe/otherEdition|110713370X
[0521767504,9780521767507,9780521151955,0521151953,9781108616157,1108616151,9781108727365,1108727360,9781108573290]|http://id.loc.gov/ontologies/bibframe/otherEdition|110713370X
[9789004178823,9004178821]|http://id.loc.gov/ontologies/bibframe/continues|1571052151
[9780314264633,0314264639,9780314271747,0314271740,9781683283058,1683283058]|http://id.loc.gov/ontologies/bibframe/otherEdition|9780314163677
[9780199589319,0199589313,9780199589302,0199589305,9780198832713,0198832710,9780198832706,0198832702]|http://id.loc.gov/ontologies/bibframe/otherEdition|9780198722113
[9780199296521,0199296529]|http://id.loc.gov/ontologies/bibframe/otherEdition|0406932441
[9781405196345,1405196343,9781444342109,144434210X,9781444342116,1444342118,9781119386032,1119386039,9781119386193,9781119386025,1119386195,1119386020]|http://id.loc.gov/ontologies/bibframe/relatedTo|9781405122337
[9781616328450,1616328452,9781641050265,1641050268,9781641050272]|http://id.loc.gov/ontologies/bibframe/supplement|9781634259996
[9780314195395,0314195394,9781640204249,1640204245]|http://id.loc.gov/ontologies/bibframe/otherEdition|9780314288851
[0735561419,9780735561410]|http://id.loc.gov/ontologies/bibframe/continues|0471167460
[9789050959551,9050959555,9781780680781,1780680783,9781780688831,1780688830]|http://id.loc.gov/ontologies/bibframe/supplement|9781780682679
[9781402412561,1402412568]|http://id.loc.gov/ontologies/bibframe/continuedBy|9781402421655
[9781402416408,1402416407,9781402424939,1402424930]|http://id.loc.gov/ontologies/bibframe/continuedBy|9781402407888,9781402424939
[9781402416408,1402416407,9781402424939,1402424930]|http://id.loc.gov/ontologies/bibframe/continues|9781402407888,9781402424939
[9780199571857,0199571856,9780198806226,0198806221,9781138823136,1138823139,9781138823150,1138823155,9781315742212,9781317585480,9781317585473]|http://id.loc.gov/ontologies/bibframe/otherEdition|9780415414586
[9784794218537,4794218532]|http://id.loc.gov/ontologies/bibframe/relatedTo|4794204604
[9781570189272,1570189277,9781682672266,1682672263,9781682672259,1682672255]|http://id.loc.gov/ontologies/bibframe/otherEdition|0871797305
[9781402416910,1402416911]|http://id.loc.gov/ontologies/bibframe/continues|1402403968
[9781402416897,140241689X]|http://id.loc.gov/ontologies/bibframe/continues|1402403968
[9784757606074,4757606079]|http://id.loc.gov/ontologies/bibframe/relatedTo|4757600739
[9781118017746,1118017749,9780470168738,0470168730,9786613306135,6613306134,9781283306133,1283306131,9781118017180,9781118017197,9781118017753,9781118017760,9781118772058,1118772059,9781119136200,9781119136231,1119136202]|http://id.loc.gov/ontologies/bibframe/otherEdition|0471291986
[9781454801207,1454801204,9781454801214,1454801212,9781454801221,1454801220]|http://id.loc.gov/ontologies/bibframe/continuedBy|9781454801207,9781454851257
[9781454801207,1454801204,9781454801214,1454801212,9781454801221,1454801220]|http://id.loc.gov/ontologies/bibframe/continues|9780735568167
[9780195314281,019531428X,9780199990597,019999059X,9780199990603,0199990603,9780199990610,0199990611,9780199990627,019999062X,9780199990634,0199990638,9780199990641,0199990646,9780199990658,0199990654,9780199990665,0199990662,9780199739257,0199739250]|http://id.loc.gov/ontologies/bibframe/otherEdition|0943818362
[9780231703284,0231703287,9780231800945,0231800940,9780199327751,0199327750,9781849042024,1849042020]|http://id.loc.gov/ontologies/bibframe/otherEdition|9782746710870
[9780983493204,0983493200,9780983493211,0983493219]|http://id.loc.gov/ontologies/bibframe/relatedTo|0913480231
[9781444334906,1444334905,9781118941270,1118941276,9781118332412,1118332415,9781118332399,1118332393,9781118332405,1118332407,9781118332382,1118332385,1786842246,9781786842244,1784020184,9781784020187,1118341392,9781118341391,1283644452,9781283644457]|http://id.loc.gov/ontologies/bibframe/otherEdition|0631227342
[9780199657933,0199657939,9780199657940,0199657947]|http://id.loc.gov/ontologies/bibframe/otherEdition|019825105X
[9781565341517,1565341511]|http://id.loc.gov/ontologies/bibframe/otherEdition|1565341201
[9785797402886,5797402882]|http://id.loc.gov/ontologies/bibframe/relatedTo|9785797405801
[9780199654178,0199654174,9780199699698,0199699690]|http://id.loc.gov/ontologies/bibframe/otherEdition|9780199556830
[9780199654178,0199654174,9780199699698,0199699690]|http://id.loc.gov/ontologies/bibframe/otherEdition|9780198737445
[9780314279132,031427913X,9781634606493,1634606493]|http://id.loc.gov/ontologies/bibframe/otherEdition|0314161945
[9785170811694,5170811691]|http://id.loc.gov/ontologies/bibframe/relatedTo|9785170737352
[9785170811694,5170811691]|http://id.loc.gov/ontologies/bibframe/relatedTo|9785170771516
[9780415520980,0415520983,9780415520317,0415520312,9780203076804]|http://id.loc.gov/ontologies/bibframe/otherEdition|041590904X
[9781890080075,1890080071]|http://id.loc.gov/ontologies/bibframe/relatedTo|9781890080211
[9780226203621,022620362X,9780226203768,022620376X]|http://id.loc.gov/ontologies/bibframe/relatedTo|9780226308791
[9781118456149,1118456149,9781502553614,1502553619,9781118921296,1118921291,9781118921302,1118921305]|http://id.loc.gov/ontologies/bibframe/otherEdition|9780471698685
[9780314288929,0314288929,9780314199362,0314199365,9780314645043,0314645047,9780314645050,0314645055,9780314645067,0314645063,9780314645074,0314645071,9780314645081,031464508X,9780314645098,0314645098,9780314645104,0314645101,9781634603065,1634603060,9781684672547,1684672546]|http://id.loc.gov/ontologies/bibframe/otherEdition|9780314167750
[9780226171067,022617106X,9780226171234]|http://id.loc.gov/ontologies/bibframe/otherEdition|9780316181860
[9781138012134,1138012130]|http://id.loc.gov/ontologies/bibframe/relatedTo|0313290563
[9781937518325,1937518329]|http://id.loc.gov/ontologies/bibframe/otherEdition|1933833319
[9781780681993,1780681992]|http://id.loc.gov/ontologies/bibframe/otherEdition|9789004163386
[9781606063255,1606063251]|http://id.loc.gov/ontologies/bibframe/otherEdition|0070325731
[9781402421655,1402421656]|http://id.loc.gov/ontologies/bibframe/continues|9781402412561
[9780838912324,083891232X,9780838919941,9780838919958,9780838919965,0838919944,0838919952,0838919960]|http://id.loc.gov/ontologies/bibframe/continues|0838906699
[9780838912324,083891232X,9780838919941,9780838919958,9780838919965,0838919944,0838919952,0838919960]|http://id.loc.gov/ontologies/bibframe/precededBy|0838906699
[9781609302573,1609302575,9781609302597,1609302591,9780314290533,0314290532,9781634593090,163459309X,1634593103,9781634593106]|http://id.loc.gov/ontologies/bibframe/otherEdition|9781599417783
[9781593327811,1593327811]|http://id.loc.gov/ontologies/bibframe/otherEdition|9781593322762
[9780199941452,0199941459,9780190221416,0190221410]|http://id.loc.gov/ontologies/bibframe/otherEdition|9780195389210
[9781630447809,1630447803,9781630447816,1630447811,0781630447823,9781531011055,1531011055,9781531011062]|http://id.loc.gov/ontologies/bibframe/otherEdition|9781630447809.
[9780990313007,099031300X]|http://id.loc.gov/ontologies/bibframe/continues|0316136255
[9789050957472,9050957471]|http://id.loc.gov/ontologies/bibframe/otherEdition|9050954650
[9781937518165,1937518167]|http://id.loc.gov/ontologies/bibframe/otherEdition|193383319X
[9780465048830,0465048838,9780465048847]|http://id.loc.gov/ontologies/bibframe/otherEdition|0465085504
[9781461354635,1461354633]|http://id.loc.gov/ontologies/bibframe/otherEdition|9780306465529
[9780314812520,0314812520]|http://id.loc.gov/ontologies/bibframe/otherEdition|9780314161437
[9781905536511,1905536518,9781905536634,1905536631]|http://id.loc.gov/ontologies/bibframe/otherEdition|9780415468565
[9783161524035,3161524039]|http://id.loc.gov/ontologies/bibframe/relatedTo|9783848735266
[9781442674622,1442674628,9781442611832,1442611839]|http://id.loc.gov/ontologies/bibframe/otherEdition|0802041159
[9781452241074,1452241074,9781483311036,1483311031]|http://id.loc.gov/ontologies/bibframe/otherEdition|9781412974370
[9780314282002,0314282009,9780314281999,0314281991,9781634599078,1634599071,9781634604475,1634604474]|http://id.loc.gov/ontologies/bibframe/otherEdition|0314199322
[9781627051729,1627051724,9781627051736]|http://id.loc.gov/ontologies/bibframe/otherEdition|9781608450763
[9781454851257,1454851252,9781454851264,1454851260,9781454851271,1454851279,9781454887379,1454887370,9781454887386,1454887389]|http://id.loc.gov/ontologies/bibframe/continues|9781454801207,9781454851257
[9785987121658,5987121655]|http://id.loc.gov/ontologies/bibframe/relatedTo|9785987125991
[0691618801,9780691618807,9780691056555]|http://id.loc.gov/ontologies/bibframe/otherEdition|0691056552
[9781783471591,178347159X,9781783471607,1783471603,9781783471614,1783471611,9781788971423,1788971426,9781788971447,1788971442,9781788971430]|http://id.loc.gov/ontologies/bibframe/otherEdition|9780857931450
[9780837739748,0837739748]|http://id.loc.gov/ontologies/bibframe/otherEdition|1575882035
[9781780682808,1780682808]|http://id.loc.gov/ontologies/bibframe/otherEdition|1859417191
[9780226203454,022620345X,9780226203591,022620359X]|http://id.loc.gov/ontologies/bibframe/relatedTo|9780226308791
[9780226203454,022620345X,9780226203591,022620359X]|http://id.loc.gov/ontologies/bibframe/relatedTo|9780226308791
[9784305707765,4305707764]|http://id.loc.gov/ontologies/bibframe/relatedTo|9784305705532
[9781634252348,1634252349,9781634252355,1634252357]|http://id.loc.gov/ontologies/bibframe/otherEdition|9781449928643
[9780314283580,0314283587,9780314283641,0314283641,9781634606516,1634606515]|http://id.loc.gov/ontologies/bibframe/otherEdition|9780314262714
[9784835076959,4835076958]|http://id.loc.gov/ontologies/bibframe/otherEdition|4938303213
[3319098187,9783319098180,9783319098197,3319098195]|http://id.loc.gov/ontologies/bibframe/relatedTo|9781441904263
[9784788514010,478851401X]|http://id.loc.gov/ontologies/bibframe/otherEdition|9791156120650
[9783663053781,3663053784,9783663053774]|http://id.loc.gov/ontologies/bibframe/relatedTo|3531099299
[9781118136850,1118136853,9781118952979,9781118952962,9781118136775,1118136772,9781118136782,1118136780,9781118136799,1118136799,9781118136805,1118136802,1118952960,1118952979,9781118953846,9781118953853,9781118953877,9781118953891,9781118953914,9781118953945,9781118136556]|http://id.loc.gov/ontologies/bibframe/otherEdition|0471272876
[9781780435008,1780435002]|http://id.loc.gov/ontologies/bibframe/otherEdition|1845922786
[9781628101737,1628101733,9781628101881,1628101881,9781683281832,1683281837]|http://id.loc.gov/ontologies/bibframe/otherEdition|9780314172563
[9781611635508,1611635500,9781611635515,1611635519,9781531014971,1531014976,9781531014988,9781531014995,1531014992,9781531015008]|http://id.loc.gov/ontologies/bibframe/otherEdition|9781594603501
[1882932358,9781882932351]|http://id.loc.gov/ontologies/bibframe/otherEdition|1882932056
[9781628101058,1628101059]|http://id.loc.gov/ontologies/bibframe/otherEdition|1642425559
[1489975802,9781489975805]|http://id.loc.gov/ontologies/bibframe/otherEdition|0306436507
[9781107037960,1107037964,9781107688209,1107688205]|http://id.loc.gov/ontologies/bibframe/otherEdition|9783406598586
[9781611637496,161163749X]|http://id.loc.gov/ontologies/bibframe/otherEdition|9781594604010
[9783642451546,3642451543,9783642451553,3642451551]|http://id.loc.gov/ontologies/bibframe/otherEdition|0387576266
[9780674743847,0674743849]|http://id.loc.gov/ontologies/bibframe/relatedTo|0300078250
[9781138833029,1138833029,9781138833036,1138833037,9781315735641,9781317564584,9781317564591,9781317564577]|http://id.loc.gov/ontologies/bibframe/otherEdition|9780415804721
[9781634597456,1634597451]|http://id.loc.gov/ontologies/bibframe/otherEdition|0314158847
[9781780682594,178068259X]|http://id.loc.gov/ontologies/bibframe/relatedTo|9783110332056
[1107135605,9781107135604]|http://id.loc.gov/ontologies/bibframe/otherEdition|9780521870887
184
