66075368,60040108
2005295334,2005271768,81014699,95000449
87942935,99912800,2001398415,2002350069,2003414578,2003414577,2008313323,2003414581,2008439655,2014318868,84941000,84941040,83942262
78342541,2010305141,84758995,51002809,67090118,09020765
2019456135,2012470263,2003270663,2007281592,93012220,99228157,86032449
81454294,82018574,2008411462,74108391,78006707,48006496,83122900
91015119,86012947
75008928,97033573,2003044474,61015434,59009402,65016870,67017081,95006444,63014557,00032724,79010361,84020505
92048306,84007267,2001045162,77002952
2003346870,86962245,2018371882,35032680
89203131,91019980
unk81014990,2012660533,2020449551,unk81014994,79117439,61015990,75097848,77350067,97109166,2002066921,53003464,2001657318,84025543,unk81014991,2010714334,unk81014989,2020449572,unk81014992,2002026489,2003269514,2011276802,unk81014993,2011381611,71031227,2016590289,98195467,2011389851,2005056721
2012050743,2018059611,87013681,85753497
79120309,65010365,52067155,32015071,2003469628
05012907,05012906
10008428,26010825,36004491,52008827,55021007
78121839,98016131
79394734,80453796
2004556527,97010156,2012470289,83003642,89049634,2018456070
10030192,19017512,37008312,37010732,38015072,unk82072482,78315519,19017511,57053511,22023947,03023706,06020393,06020398,08020658,12003048,19017518,22023948,23016648,24008838,28002888,39020908,06020395,11016115,19017515,22023945,44010175,06020394,09026584,11016114,36021714,71029464,06020399,24006619,24007589,24009829,39020909,41038519,22023951,24006621,24010701,24021471,37008311,38011281,66045401,03023707,05042767,06020397,12003047,15003167,19017517,37010737,78314615,06004216,06020396,08026996,10011856,19017516,22002836,22023946,23016646,24018716,06020400,12003050,12029880,22023950,24021470,40023560,66045400,10012643,19017513,unk82072510,unk82073018,unk83001159,unk82072509
11024875,68032851
2011007670,95042107
27007092,2007013174,48007123
74075047,68021513,63010438,79023269,56007092
93019468,87021070
77013084,54008845,72102045,73019889,84013442,65012341,81013973,90046905,60008506,87025831,51003149
90201634,2010488310,2012469046,80125496
66011709,68088710
91025246,2008051665,65019429,80025775,73008689,86000180,2002029860
00282012,2004343800,2004343971,2005309394,84931694,2006312359,2007377846,2014323409,2014363448,2017334108,2018306440,2021321516,87932067,93930077,96930027,76930250,80931060
78106146,78027064,61006383,73014546,55014999,66010761
16012872,70133659,96007371,79054346,96054616,10011207,16007190,22009540
2011043809,2012038400
97904016,93903857,91904406
88012698,82010044,74167497,76018775,2003048763,63011855,00055039
56005787,64000395,46006716
92000741,52012032,42019010,61016282,18001383,2014427162,84045859
90013331,83006530
total row count:497
total unique isbn count:1840
Matching row count:38
Matching isbn count:284
