091567887X,0834801663,0834802201,0834803348
4061585843,4002400085,4022403047
0500232237,0807607886
9781684671243,9780314265357,9780314265364,0314263764,0314177175,9780314177179,9780314177162,0314016538,0314231781,031432867X
0436179660,0399127631,9781844156467,0837138159,0399121161,0241108934
0791409198,0791409201,0521241782,0521339537
1850704791,0683026410,185070094X,0683026429
0690008090,0801330122,0321159829,0673993043,0321052684,069001516X,0060430419
9780393239744,9781324002352,081952140X,0819511412
0690146914,0030812283,0330244728,0140434968,0451528697,0394605209,0375760059,0141439726,9780307947192,030794719X,9781843548539,1843548534,0140430636,9781590201336,1590201337,9780715634714,0715634712,0192834010,9781551119311,1551119315,0143037617
9780820347233,9781616203320,9781681685854,168168585X
1571053557,9781571053558,9004176799,9789004176799
9780321417534,0321417534,0582257271
0136957676,0136957188,0136957420,0136952062,013695734X,0137160933,0136952712
0471940461,0471911488
9782355480379,9782812403910,2812403918,2902854056
0872200140,0872200159,9780190698188,9780190698201,0306706490
0812114353,9780813813943,0813813948,0812107594,0812104560,0812110269,0781733588
9788964063491,896406349X,9788932028088,8932028087
9783034310215,9783034312356
0404533787,0300066260,0824044630,052143422X,0521596734
1589830946,9004130608
0486671356,9781107672567,1107672562,0521066239,0521093902
0070568995,007056888X,0070568693,0070568812,0072520361,0073659398
0807116106,087049404X
0521452295,0521458714,3615000986
total row count:202
total unique isbn count:750
Matching row count:26
Matching isbn count:130
