0840357206,0787270628,0787223301,0757503012,0840385536
0941215083,0941215091,0940381079
0679744010,0679419136
9961860004,2020353385
9783447103961,9783447103985,3923728352
967890036X,9839078062,9839078070,9839078089,9678912082,9678910578,9678910705,9678910713,9678909464,9678911779,9678913550,9678913615,9789678918336,9789678917698,9678913453,9678912902,9678914778
0718108582,0060104015
0873064143,0873066073,087306660X,0873067975,0873067983,9652930229
0571203930,9780571350179,9780571350162,057135016X
0151011230,1419361856,9781419361852
9781844675777,1844675777,9781788739665,1788739663,0860914674,0860916375
0854175962,0866982868
037550169X,0091784425
9960858243,9960858251,996085826X,9960858278,9960858618
9784784218523,9784784218561,4784218564,9784784218578,4784218572,9784784218585,4784218580
9780199555994,0521244153,052128676X,0192510371,0192817582
9781503611122,9781503608399,9781503611115
0679756612,0786216549,0786216557,1569470057,9781616955021,9781569477960
0929700341,0912852216
1854727958,0852498365
8817667099,8806581805
9780742555082,0742555089,0802017991,0802061192
0486411168,0413775755,9780413775757,0882950460,0393008436,0571116019,0887347479,1566631696,156663170X
9781138786677,9781138786684,9781315767154,9786611018047,0415362857,0203013085,0412322404,0412237008,0412237105
8474390052,8473310241
389500183X,9788882298517
9789803543761,9789803543990,9803543997,9789804120565
039448441X,0720607256
9780199977697,9780199977673,9780190935108
0750674520,0884150119
0314414444,0314675965,0314029516
0856602515,9781439919071,1566396395,1566396409
9780199540723,0486282694,0140186557,0451529952,0140006095,0192824058,0375753133,078388625X,0140247793
0947761446,0670823937
0918024803,0918024811,0060118245
0446514381,1558004270
9782856683903,9782856684085
0444988734,9630552191
0406370109,0406370117,9780199298426,0521081173
0860124002,0722005628
9582403063,8420442887,847844162X
0801621836,0801621720,0801621844
043610220X,0394472780,0674540050,0394715071
0880104430,085440290X,0854402918
9679620344,9678908298,9679960048,967700509X,9677004034
9781452959184,9781517906429
0887347754,0571231551,9780573113369
157819010X,1578190118,1578190126
9789978874851,9789978230794
2913217109,2877307948
093675625X,0897890183
9780268100100,9780268100087,026810008X,9780268100117
1900565099,9780691144597
9788843092451,9788875882150
084782103X,8880300636